238773538
193248161
260604473
69367395
297310953
179978375
206580940
103860407
251784156
56367547
257127186
134025112
224976780
114752681
255317894
116935548
186180662
247368554
117336475
171574229
96249201
195226094
236851634
104130699
118671990
248527635
223870582
170739355
273822226
223404066
55024940
164611591
234752943
222510067
152082881
233614658
117888061
255304951
46853604
205028875
149446532
200606647
264471166
281853041
52957395
275387751
173606679
190647723
182605662
284244758
187049540
146480433
254504515
52127380
211362658
168170094
111209009
220159150
238892181
153446352
241858162
292392864
97044924
131020409
263712633
237779433
68048415
224400695
97433870
256278811
232406097
260860824
83379914
124353066
204507468
269933813
221315298
241554786
175145717
223762764
64753218
177324142
293505523
178762616
250916790
95749489
251862863
143840502
98229199
249010980
97059633
193817586
211089019
89044032
268698391
130591001
254484201
166834177
258913714
189479099
154134349
135453803
283055222
252851199
265025956
245801569
218859706
259382971
217774794
173442231
205308003
59254463
125044429
97875457
85525339
193049295
260986986
155477969
88865994
255183762
187653096
249116141
215287259
254380294
260864889
253162166
204331803
240087923
101784522
39770224
291081279
90191988
196161837
180114215
122665709
239094041
157433717
247942848
183230124
148227550
155268747
192023439
105173110
233831652
243011902
37533373
231346014
298983782
249299271
287687076
135830068
56858328
73676121
192036610
226834910
98049044
171057856
152749455
69216602
267838175
217602270
196008535
209881514
126329144
128751905
203502229
271758506
189827270
238555981
274321363
161798053
120767660
158964823
245178956
262472382
100096055
238149336
197953149
228048486
287410294
199636378
58899732
259019897
188262341
233681995
221209964
194849320
116693259
125921678
119842745
247789923
217804268
56394881
121912425
199148966
295177395
114042468
63118273
171675513
174055315
189148946
91123365
219767180
271810315
103055863
97217686
244949852
123296779
246112813
116773423
86030429
274259180
239287404
227983328
205309153
250049437
278531897
299630459
187952065
134139736
122733126
267294054
156053336
91453551
186986550
246024965
141846909
104602622
251816002
249079105
281733497
144928089
157644387
97632176
102170857
299751334
118624316
130422514
120620988
138534185
187161700
91023857
130331522
88805156
38143090
108036028
160149610
199030522
193850181
98097025
201707431
182443887
260559119
254493350
247166821
81037149
283875167
283464398
297608755
85068250
260034108
208232689
221828781
97587954
106463163
144391571
220219797
73780718
220632285
224439835
263500706
222992520
120741730
253617912
153144689
152902871
233164934
252430322
93331623
77528883
267853560
112040158
73954462
171121941
201168922
172662655
181664343
204211156
119473215
227495724
87745821
109084617
221667509
94462267
86432876
178317014
267127348
40914585
169338419
151642778
256556780
223082429
77653375
266151360
258575257
79577956
105670346
54990420
67166503
104460043
109196015
200824429
227339143
187853300
75453612
104029617
138165212
119193167
183141077
192593495
140050310
123755887
133714834
201485669
134735216
109044766
151904582
207229411
149846567
216853760
98441638
231053528
227966441
199141736
276776015
217065442
193013192
244230821
252134535
248987415
267653849
155301503
140808408
117148206
290078663
113741799
108509383
169599352
178945105
262406726
123729011
226452454
174028342
257143691
121873006
230570053
148562433
83587095
187441870
192487481
146276593
89012666
217471262
200530989
156032150
63950574
204371025
148987158
78599794
133407657
285674390
68248978
169532929
234445563
120721298
131433690
125228858
190067014
267537853
205816573
130143021
216761446
116590210
134185339
217864835
125785474
123643788
227568492
76866964
147218789
244766249
89457677
52387426
141032802
293102492
201933234
251202484
213746764
249717466
250842515
217618357
265801248
160808163
195801672
225530977
250181295
236938574
139374223
198402191
195651268
296760646
166082778
150414966
257018877
74983205
272871504
170172168
193848134
72426212
196780042
113291879
183430340
125858918
108851262
212021299
139817189
226593589
32347781
194670960
99633111
215686773
88541883
93161337
192898162
263268804
251250500
204580010
274514457
249225122
105200103
274816928
111373531
117815340
178030488
245490364
112102941
226233469
235511134
169213261
189409815
265586103
170915227
85849862
254225975
119879310
243127055
118063317
134898254
137151274
172056505
136463941
95527347
171841673
210282946
240965504
91185387
260895398
99799041
94996092
189161728
275640704
218972835
166134143
227971502
147248726
259008371
273079842
275017368
186824307
242704551
191368270
103448450
248461241
223226280
263086734
276343723
166888057
286814416
73400794
113942495
220716107
134439294
109415552
117691326
233503938
296252605
113567705
266557997
264861810
141332428
171043304
229249587
269007109
84718709
118282924
98804835
260626723
258677313
87333667
204590993
180963145
154348766
270892208
119863011
148143139
151893095
117771408
287356382
133889465
94871033
213916168
145338349
158691736
249711025
142185338
101564409
214407441
182653203
135906069
254918374
216322310
136584138
218422224
276876253
199739515
273720561
73912808
181612899
144645238
292045728
159648611
249354387
266454421
128004464
254916426
133717324
251879016
189389156
213872037
191352290
219454644
266130866
127905412
168230532
107501057
271383864
278199316
216226922
127794448
228678016
111623808
203043450
269775099
106228761
114320110
174317022
140313934
210061618
229364174
154174143
207595465
246463315
140554449
219277262
119354766
194542206
275751248
239337715
244226224
182535407
273810726
95915617
97045486
229774062
216507730
238492048
231674103
68222857
184494533
227987070
146661928
163437995
61306974
205779394
119711876
232969444
229497736
170004876
259353066
74396027
226495813
122234983
216880771
267526030
150048043
75652054
260494540
251445516
171170932
231185279
210301632
232377593
166381545
78065441
296879060
209606944
186134102
223118032
221626295
162305520
295216728
167738881
209649501
155294499
225609759
258567624
254800033
200539563
175108763
85920624
295850513
172988585
187410481
153836879
108862143
233723068
133554902
120116688
280872143
229008846
127870173
70546716
206814828
239974438
273915142
95526616
210979965
238740729
80882965
218030777
192226214
259462325
178027754
212700544
243066614
105280093
235150069
119558941
258203192
202394245
184052881
228572927
236318042
257298406
119978153
94116497
267279295
234614178
235501436
136788013
114553585
175131228
56195740
236845663
150733880
99044699
264943822
224649277
242948082
125319766
187157250
277087537
219564959
114588060
66362252
140916135
248814696
256763991
226657388
253900651
183375516
144977646
153155561
43007585
263334879
71313340
269601232
268878036
118995327
118571018
132640720
180452773
244480412
294929777
139966589
245877323
210145610
184899622
130869305
121622127
149769155
251876043
271281828
78916979
119296662
237188020
93625635
108950403
173803026
114979068
130471166
210133167
266307103
103358505
72609318
253204747
266251888
241473621
141116593
262806950
170035755
158701222
226590427
278089536
224379571
214282866
267240348
223512505
221633324
156697648
117160191
222801593
171291462
256765160
110992036
219820002
130201407
94664984
114756778
33048007
201945629
75566018
111497594
222163404
278957350
90339372
270608770
127249737
237012199
225062198
238173209
162699310
267459082
193930120
143413709
170887203
74495995
130427661
240466777
246168251
256887544
248031137
245463907
206039268
157301327
234134440
193694442
205065533
166053947
230133816
117359711
82782837
173847290
233515644
288922116
264465600
168571240
216996658
119707014
67369633
226663517
48116397
163684333
158729527
205791116
220861173
211585901
233006321
234846044
207647271
262171688
230342348
47179691
137823910
200051774
101077168
299227728
-1001088854626
115567529
201704410
165266998
68685903
40061662
139096598
74899464
285374767
249357685
60018416
56693692
118631378
266618850
156292519
122679146
296952725
253876301
131845631
86528201
66443035
134792796
224143510
126477037
218290025
185095323
191555327
107342712
161345750
193068389
265243830
225806331
239386914
231812513
153443184
241597095
284670491
240840321
88688356
130895877
69246334
105012341
153637352
237955543
54764997
140247630
113419578
148282020
158122641
153082803
223106656
166768461
235951380
262621125
280075596
294665580
200106480
107951136
223480036
237131955
263698092
244545492
250851624
208066713
154032445
299401792
93239530
220530711
280773112
224994349
117331455
293040474
214384553
140566344
150094547
259502066
201272209
99791156
217458502
249777379
38491931
95923310
30094792
137348382
115472981
146572616
181852914
126939383
262029107
93332302
184895807
66980321
211068405
194091505
245331812
271791478
232279962
264617812
178612402
293589523
265119489
287513262
240453727
230787012
218323813
264342954
134346818
170911206
276767651
256454722
224180542
85547436
264225679
101622671
147570929
269003017
190172299
214732985
257069706
126711889
235379025
215362206
217050178
96653606
139659494
140924886
221117424
107481302
185800299
235808051
181183898
162961370
165180824
280561543
190903004
94521987
246339717
219715397
215154336
139367191
133738603
170670020
158125538
185722490
294618619
269532991
256031893
177892090
213293839
170005809
140574846
218900653
138305794
180987510
212584964
89686983
168521464
262462942
228789982
77716280
292229980
239922629
251925498
244779023
96088646
261494809
108217889
189613746
222544566
198926436
107033402
186580633
273285769
288567855
137246066
249874797
263606405
155818406
150298903
198898252
61690296
128441661
220348307
92120810
275754127
273217222
131600297
196025259
98757820
233947575
274610476
138541176
284883177
130346239
249627357
115938553
299374224
230580118
149365660
253440430
85089577
254186297
225928830
294038114
99554310
211820618
123078173
241999864
170572711
145537011
188559429
265172856
160261997
192004446
219814028
24418007
199378694
246326385
255462660
177445552
158829385
256200263
227169706
255539763
73638426
151754198
249711928
213146047
160848977
199430299
253171700
194288526
111550718
69875289
249327318
280009448
168392545
156283694
257503231
179140527
198498185
170065758
257592426
156220647
234405700
157372748
131271423
155710668
253165047
277250404
164978397
247442365
236871549
72536709
174620848
93516961
260347502
201239280
235730192
11148842
8110229
93673740
152816907
149078763
80087647
103595695
117600728
295906539
153170044
297294011
231510477
90281154
231495652
236624544
245779631
101488778
102934077
232558923
228276490
265676220
198076111
46338470
237193148
279562091
274105321
294223157
208127068
237910940
154772965
240388892
206189568
187041179
212760185
91676940
47216344
100438587
113756197
191718883
170847063
264577477
234726667
232759692
97478020
112763847
214157298
118657471
275128757
221413970
96442988
240574424
190895325
218810396
115877881
150997194
208674564
145357515
294849760
276675645
293408627
292677557
100651904
163205258
258861054
191608550
199406679
207800100
280299828
157821648
292216203
153856579
257261175
104148309
248118874
219201071
228457929
248495037
256190521
211094747
185921782
161224262
201243261
102774827
145410034
259050042
256731398
177741460
77936047
181721230
205624436
115295693
223466218
258007296
283604847
242681272
249768800
149288387
178723622
184729381
268027528
178579040
194235466
141692327
105864817
283572109
281837485
238734366
272186010
245407721
257675420
257471660
96389802
184650301
207377032
69611758
242083212
159132607
49829947
180110523
258833264
162797724
228233263
134954915
232942876
220775797
241376522
206111137
98406449
183938037
211545715
267100326
295926815
203946020
121785233
110539965
224256625
268396005
239090950
121816212
208025673
190520433
279067140
139688628
146067990
66750643
104787976
223442750
169245344
132877723
147698858
294531983
102342846
246848069
261526842
68641198
102913935
175570649
158990680
106922605
284288121
184053275
228867470
199817069
268805065
245997557
242207128
289934118
102849056
120508950
262436295
194498257
149866915
251219132
140760293
221193013
264686253
210329941
218130319
164331127
237796392
213806010
227981800
239009233
198422908
236063759
276758695
137927068
119360521
249001652
214300033
140648972
71716832
299734718
152056513
166789387
202278414
264405340
260767740
209333197
283193967
278343170
270234758
231430880
271268898
222541262
112143935
123529172
231552110
152065669
172561830
136801729
262979847
130806291
192746525
267069283
205640251
274081889
240088875
235066719
249267558
39601461
267173746
292371389
231264179
203112226
291508407
280260411
120048783
266055834
176075695
119070271
251970737
233626416
69780971
104535936
298906621
204197227
142532895
155164163
177951548
137027275
192254151
287181362
178042759
241067741
229733532
212304630
214454949
269973790
173682871
291220247
249711191
168705068
105074514
72957387
260013546
106443790
65982812
222581822
194746771
169646398
201475469
138332556
259805161
214875926
115945080
215756014
139110214
169675040
243837384
232847534
141657340
292668516
237368630
166866066
140019723
51419002
176864741
281602236
141949034
229257150
132752436
69796661
203157449
188023579
249111311
284392042
123835396
143920641
171284202
188253089
210082714
299540283
252879222
193434717
190502359
150830078
156036117
252808195
201182156
258752206
158339483
288530829
207611704
263426577
238848512
154954317
216809095
135972688
75474728
218804906
116467443
157631476
244656887
236512043
125454107
251644270
127952353
271992544
184277625
267920462
173615650
267255380
162778493
289501176
211053804
81842265
176970042
230589589
114900277
138636425
239977961
66031641
210841648
217615282
292701342
238937634
282784507
193141334
37194141
115180899
151224708
223979070
139248618
230793337
253489157
291975924
147586930
108045402
248253895
238904492
282002324
114395867
244062305
237852349
223029939
230240175
68503262
154534510
59858557
261727104
61024153
112985792
231772770
287896177
290522672
246958451
205795058
137071370
160437580
278425238
190113171
263871611
117693541
236492729
236441368
154163930
228450738
176769428
90196257
91967061
259536070
209955607
220967265
118668387
298887923
255445648
74768529
222638761
242523408
188740934
247598453
208437552
117477183
249035905
187699780
126246099
268073863
257061986
234595513
91878946
248609285
206282460
271691789
91194334
215248318
239263493
260884629
169358804
122400052
239714845
298560827
293106687
139396437
147450818
99151966
159922590
266946540
293681227
234354425
146480737
129238002
68001017
250905750
71428292
210809387
269602556
154485755
159007816
84633233
257660129
254375330
147245384
111496782
243455564
266604311
275602996
91306967
268688213
219445714
120297248
253363466
153035506
111481733
216176429
140172544
102791620
233112239
235582125
130362448
219348068
196728099
153905699
230375579
187800696
144183736
97805538
230666961
91888608
231386609
97873126
132463930
252765573
165465669
80600483
130802187
106831860
267281632
